-0.006013488,0.001308506,-0.005132388,0.004187587,0.004376464,0.002397367,0.001680794,0
-0.005948347,0.001105370,0.007445838,0.003428391,0.002399047,-0.005253525,-0.010670305,1
-0.006014135,0.001304059,-0.005132655,0.004187337,0.004376333,0.002397902,0.001679844,0
-0.004778327,0.001250911,-0.007919496,-0.003613210,-0.012285031,0.003058282,-0.000786361,1
-0.005514301,0.001132652,0.006134228,0.000972524,0.006546817,0.010002082,0.000157993,2
-0.006791542,0.001216027,0.004300598,0.004242077,0.001345885,-0.004513892,-0.010570960,1
-0.005313560,0.001244858,-0.004733246,0.006111957,-0.007661713,0.015043195,0.002277762,2
-0.004264879,0.001091468,-0.006624807,0.001179384,-0.010463638,0.004387243,0.000300616,1
-0.004828351,0.000794535,0.007610389,0.001457027,-0.003614523,0.012870006,0.010649011,2
-0.006182915,0.001355303,-0.004685370,0.004780761,0.006520418,0.010471900,0.002637781,2
-0.005798087,0.001069221,0.006623915,0.003601099,0.002493468,-0.006136801,-0.002228339,1
-0.005947673,0.001105511,0.007445910,0.003428923,0.002400454,-0.005254384,-0.010670268,1
-0.006460304,0.001292344,-0.004225604,0.007389097,0.002462784,-0.005733954,0.000304055,1
-0.005814511,0.001074090,0.003602972,0.005548206,-0.012801351,-0.000956687,-0.003211374,1
-0.005669966,0.001168024,0.006986433,0.000821134,0.006458639,0.010950325,-0.008341829,2
-0.006182487,0.001355196,-0.004685250,0.004781142,0.006521121,0.010471594,0.002637537,2
-0.005219694,0.001200014,-0.004572639,0.006267029,-0.002470554,0.014497615,0.002451632,2
-0.006461672,0.001289091,-0.004226012,0.007388113,0.002460981,-0.005732700,0.000304041,1
-0.005560124,0.001144814,0.006335479,0.000935271,0.006628703,0.010337854,-0.000360250,2
-0.004779102,0.001250855,-0.007919774,-0.003614233,-0.012286670,0.003058902,-0.000785960,1
-0.006891776,0.001116241,0.004814775,0.003398790,0.000273940,-0.006620358,0.008739607,1
-0.006013501,0.001307733,-0.005132405,0.004187634,0.004376636,0.002397284,0.001680235,0
-0.005947956,0.001105412,0.007446106,0.003428781,0.002400043,-0.005255141,-0.010678194,1
-0.005561222,0.001141050,0.006336599,0.000796339,0.006494852,0.009937422,-0.000609630,2
-0.005560720,0.001144110,0.006336861,0.000796734,0.006494933,0.009937009,-0.000609077,2
-0.005670126,0.001168189,0.006986226,0.000820776,0.006458302,0.010951492,-0.008336769,2
-0.004779643,0.001244974,-0.007919927,-0.003613944,-0.012286422,0.003059694,-0.000786863,1
-0.006636810,0.000953347,-0.004266791,0.007250828,0.002169112,-0.005536967,0.000542818,1
-0.004923477,0.000958298,0.006545708,0.004911015,-0.011694657,-0.001630993,-0.002533451,1
-0.006681721,0.001192104,0.003649896,0.004356481,0.001515887,-0.005127150,-0.002595157,1
-0.006635784,0.001180102,0.003448581,0.004393804,0.001434318,-0.005463087,-0.002076082,1
-0.005542063,0.001139587,0.006295773,0.001042692,0.006812070,0.010557549,0.000016921,2
-0.004595469,0.000999672,0.006449023,0.002283688,-0.002493326,0.013963586,-0.000769544,2
-0.005146692,0.001193963,-0.005180914,0.005516720,-0.009809708,0.006971253,0.001321137,2
-0.006461319,0.001292345,-0.004225893,0.007388213,0.002461120,-0.005733239,0.000304593,1
-0.005591921,0.001180855,-0.004273736,0.008719420,-0.011720862,-0.001161436,-0.000055271,1
-0.004981923,0.000963286,0.007558616,0.004916374,-0.006587486,-0.001229368,-0.010837860,1
-0.006460546,0.001292351,-0.004225680,0.007388893,0.002462408,-0.005733807,0.000304191,1
-0.006460725,0.001290966,-0.004225660,0.007388799,0.002462235,-0.005733585,0.000303078,1
-0.006791975,0.001212683,0.004300470,0.004241966,0.001345735,-0.004513465,-0.010571913,1
-0.005560602,0.001142853,0.006335353,0.000934979,0.006628250,0.010338267,-0.000360946,2
-0.006013502,0.001308026,-0.005132453,0.004187600,0.004376676,0.002397311,0.001680933,0
-0.005501134,0.001119965,0.006539047,0.000227340,0.004314029,0.002876997,-0.009294263,2
-0.006683260,0.001188232,0.003650367,0.004355839,0.001513292,-0.005127813,-0.002611069,1
-0.004681567,0.001217675,-0.007759216,-0.003456801,-0.007089848,0.002512477,-0.000587752,1
-0.004853269,0.000937149,0.006867600,0.005138233,-0.006232720,-0.001622545,-0.002470225,1
-0.006892568,0.001115301,0.004814885,0.003397870,0.000272652,-0.006620173,0.008734659,1
-0.006183235,0.001354809,-0.004685250,0.004780551,0.006519616,0.010472266,0.002635461,2
-0.006460612,0.001292171,-0.004225534,0.007388918,0.002462100,-0.005734074,0.000301303,1
-0.005591648,0.001181122,-0.004273599,0.008719718,-0.011720608,-0.001161617,-0.000055844,1
-0.006051628,0.000988149,0.007958942,0.002583833,0.001326126,-0.007360073,0.008628729,1
-0.005187771,0.001218863,-0.006550942,0.000014853,0.003854879,0.000422630,0.001030872,0
-0.006048673,0.001006264,0.007960085,0.002583982,0.001326378,-0.007363406,0.008623007,1
-0.004731813,0.000912386,0.007005068,0.000715037,-0.010939728,0.005341897,0.009661286,1
-0.005670367,0.001167531,0.006986488,0.000820813,0.006457780,0.010950896,-0.008342204,2
-0.005815782,0.001070949,0.003601348,0.005685558,-0.012670941,-0.000554164,-0.002964404,1
-0.005541989,0.001139878,0.006295669,0.001042678,0.006811916,0.010558229,0.000021024,2
-0.006791431,0.001215769,0.004300949,0.004242438,0.001345464,-0.004515452,-0.010578542,1
-0.005514618,0.001130908,0.006134247,0.000972428,0.006546572,0.010001916,0.000154825,2
-0.005560599,0.001143971,0.006336886,0.000796853,0.006495173,0.009936912,-0.000609145,2
-0.005778058,0.001065804,0.006516093,0.003595109,0.002505204,-0.006213504,-0.002033678,1
-0.005179133,0.000895275,0.007912110,0.003916370,-0.012854667,-0.002789724,0.008278228,1
-0.006182781,0.001355402,-0.004685274,0.004780906,0.006520646,0.010471635,0.002636355,2
-0.004778651,0.001250639,-0.007919615,-0.003613567,-0.012285601,0.003058901,-0.000785322,1
-0.006792164,0.001215152,0.004300805,0.004241651,0.001343966,-0.004512541,-0.010572907,1
-0.006622914,0.001173216,0.003370821,0.004407687,0.001448792,-0.005472179,-0.001939073,1
-0.004803660,0.000928511,0.007612883,0.001465354,-0.003600054,0.012869621,0.010813921,2
-0.006047521,-0.002673611,0.004076852,0.004609218,0.002270930,-0.005452690,-0.014232652,1
-0.005971844,0.000738749,0.003521235,0.005655917,-0.012779862,-0.000137190,-0.002338186,1
-0.005948172,0.001104929,0.007446374,0.003429207,0.002399310,-0.005255882,-0.010680751,1
-0.006460430,0.001292430,-0.004225593,0.007389017,0.002462500,-0.005734082,0.000303162,1
-0.005838600,0.001081190,0.006796486,0.003404654,0.002436489,-0.006268462,-0.002942563,1
-0.005838678,0.001080661,0.006796705,0.003404895,0.002436397,-0.006269256,-0.002947033,1
-0.005838853,0.001080494,0.006796551,0.003404480,0.002436033,-0.006268001,-0.002943828,1
-0.006891811,0.001116324,0.004815383,0.003399271,0.000273414,-0.006622983,0.008725074,1
-0.004781918,0.001246777,-0.007916957,-0.003613710,-0.012292341,0.003043942,-0.000882524,1
-0.006460451,0.001292207,-0.004225482,0.007389075,0.002462405,-0.005733953,0.000301990,1
-0.006892006,0.001116118,0.004814800,0.003398568,0.000273112,-0.006619466,0.008740754,1
-0.004830584,0.000929254,0.006736561,0.005089656,-0.006491555,-0.002112584,-0.002387516,1
-0.005963514,0.001294527,-0.005157744,0.004014720,0.004232430,0.001821147,0.001326348,0
-0.006014304,0.001306995,-0.005131648,0.004187826,0.004374637,0.002396149,0.001666000,0
-0.006015915,0.001308470,-0.005132785,0.004185489,0.004371574,0.002399815,0.001680645,0
-0.005591978,0.001181170,-0.004273636,0.008719333,-0.011721175,-0.001161410,-0.000056234,1
-0.005948924,0.001105461,0.007445637,0.003427890,0.002398361,-0.005254052,-0.010672244,1
-0.005947864,0.001105621,0.007445844,0.003428759,0.002400147,-0.005254281,-0.010669973,1
-0.005178745,0.000896123,0.007911935,0.003916473,-0.012853830,-0.002789101,0.008283841,1
-0.005542115,0.001137458,0.006295465,0.001042687,0.006812515,0.010558116,0.000021492,2
-0.006182441,0.001355453,-0.004685233,0.004781168,0.006521166,0.010471556,0.002637562,2
-0.004826467,0.000923304,0.006705741,0.005067785,-0.006498213,-0.002177827,-0.002333021,1
-0.004779177,0.001250546,-0.007919433,-0.003613481,-0.012286838,0.003057168,-0.000801075,1
-0.005959784,0.001293409,-0.005159683,0.004025255,0.004254812,0.001795252,0.001341552,0
-0.006014055,0.001306874,-0.005132371,0.004187207,0.004375385,0.002398204,0.001679747,0
-0.006460681,0.001292425,-0.004225607,0.007388804,0.002461910,-0.005733409,0.000303598,1
-0.005542093,0.001140210,0.006295711,0.001042543,0.006811598,0.010558493,0.000020929,2
-0.005313951,0.001243668,-0.004733238,0.006111818,-0.007662288,0.015043432,0.002275774,2
-0.004632332,0.001012426,0.006008157,0.002317392,-0.007619931,0.014564639,-0.000061921,2
-0.005591499,0.001181058,-0.004273635,0.008719848,-0.011720060,-0.001162203,-0.000056471,1
-0.005858548,0.000954631,0.004726021,0.004381910,-0.007506329,-0.003877719,0.008716037,1
-0.006049093,0.001000756,0.007959637,0.002585047,0.001327478,-0.007359994,0.008640123,1
-0.005670363,0.001167639,0.006986865,0.000821420,0.006457598,0.010949174,-0.008349893,2
-0.005159826,0.001078405,-0.006598408,-0.000299545,0.003677697,-0.000344963,0.000438306,0
-0.005948431,0.001104072,0.007445646,0.003428385,0.002399551,-0.005253813,-0.010669920,1
-0.006794424,0.001214624,0.004300712,0.004239137,0.001341126,-0.004522650,-0.010619135,1
-0.004840010,0.000705089,0.001481928,-0.001194264,-0.009507937,0.013534526,-0.000524025,0
-0.005560370,0.001145000,0.006335504,0.000935051,0.006628063,0.010338231,-0.000360585,2
-0.006182437,0.001355368,-0.004685185,0.004781179,0.006521083,0.010471656,0.002637334,2
-0.005948138,0.001104485,0.007446025,0.003428714,0.002399389,-0.005253770,-0.010672954,1
-0.006791728,0.001214567,0.004300771,0.004242181,0.001345846,-0.004514866,-0.010577422,1
-0.006460649,0.001291303,-0.004225526,0.007388953,0.002462005,-0.005733767,0.000301702,1
-0.005593421,0.001179951,-0.004273542,0.008717574,-0.011725769,-0.001160224,-0.000062560,1
-0.005145736,0.001190491,-0.005180912,0.005517790,-0.009806498,0.006970626,0.001320257,2
-0.005419131,0.001110427,0.003262779,0.003343600,-0.003228885,0.015323560,-0.000037922,2
-0.006460747,0.001291876,-0.004225715,0.007388751,0.002462111,-0.005733614,0.000303884,1
-0.005960793,0.001293920,-0.005160148,0.004023950,0.004252921,0.001795970,0.001343760,0
-0.005542095,0.001139539,0.006295759,0.001042742,0.006811832,0.010557737,0.000018385,2
-0.006182688,0.001354968,-0.004685315,0.004780981,0.006520880,0.010471767,0.002637553,2
-0.005591320,0.001181945,-0.004273679,0.008719876,-0.011719813,-0.001162247,-0.000054502,1
-0.005721751,-0.000130416,0.004690257,0.003889768,0.001415169,-0.007381309,0.007784142,1
-0.005797474,0.001069674,0.006624021,0.003601463,0.002493972,-0.006137238,-0.002229048,1
-0.004682078,0.001219243,-0.007757573,-0.003456461,-0.007092319,0.002506357,-0.000631499,1
-0.006460317,0.001292357,-0.004225576,0.007389082,0.002462706,-0.005733858,0.000303735,1
-0.006460754,0.001292007,-0.004225172,0.007389294,0.002461614,-0.005735492,0.000294824,1
-0.006047966,0.001005967,0.007959954,0.002585499,0.001328539,-0.007360683,0.008641951,1
-0.005186276,0.000955774,-0.006624297,-0.000378943,0.003675864,-0.000435019,0.000380758,0
-0.005928042,0.001079095,0.004251015,0.005571887,-0.012848114,0.000063874,-0.010941043,1
-0.006024017,0.000722820,0.006757945,0.003402483,0.002258765,-0.005676916,-0.002578814,1
-0.005494011,0.001151859,-0.004113228,0.008876583,-0.006524238,-0.001708594,0.000145251,1
-0.005519353,0.001132033,0.006164512,0.000994041,0.006553485,0.010067692,0.000103734,2
-0.006460347,0.001292533,-0.004225611,0.007389043,0.002462671,-0.005733938,0.000304120,1
-0.005537234,0.001141595,0.003143473,0.002939385,-0.008745843,0.015251472,-0.000870776,2
-0.005217387,0.001212877,-0.004573150,0.006268016,-0.002468488,0.014496163,0.002467443,2
-0.005820746,0.001075611,0.006755448,0.003650040,0.002751350,-0.005645662,-0.002315210,1
-0.005948209,0.001105086,0.007445936,0.003428522,0.002399315,-0.005254023,-0.010672706,1
-0.006461051,0.001289188,-0.004225714,0.007388627,0.002461948,-0.005733233,0.000301715,1
-0.005078862,0.000994551,0.007397848,0.004759622,-0.011782414,-0.000682371,-0.011029216,1
-0.006460792,0.001290980,-0.004225505,0.007388884,0.002462116,-0.005734375,0.000298727,1
-0.005560908,0.001144120,0.006336801,0.000796578,0.006494647,0.009937143,-0.000608976,2
-0.006460906,0.001291150,-0.004225774,0.007388629,0.002461991,-0.005733507,0.000303847,1
-0.005222087,0.000917505,0.006541444,-0.001587141,0.000806941,-0.009335520,0.007992891,1
-0.006460835,0.001290709,-0.004225646,0.007388773,0.002461988,-0.005733213,0.000302835,1
-0.004830569,0.000929643,0.006736480,0.005089604,-0.006491437,-0.002112523,-0.002386012,1
-0.005194901,0.001220842,-0.006557561,-0.000006290,0.003845961,0.000443423,0.001026191,0
-0.005426469,0.001105995,0.003320387,0.002197957,-0.011068229,0.007613453,-0.009910226,0
-0.005082690,0.000864110,0.008072777,0.004071329,-0.007662432,-0.003338944,0.008457037,1
-0.006190040,0.000971210,-0.005173517,0.004049133,0.004081949,0.002594419,0.001920431,0
-0.005967537,0.001296013,-0.005158350,0.004038205,0.004292154,0.001849964,0.001355525,0
-0.005145191,0.001197004,-0.005180578,0.005517875,-0.009807252,0.006969832,0.001321442,2
-0.005142205,0.001206877,-0.006576839,-0.000134960,0.003769370,-0.000123634,0.000705451,0
-0.006048257,0.001006231,0.007960549,0.002585227,0.001329653,-0.007361727,0.008631017,1
-0.005820293,0.001077410,0.006755129,0.003650117,0.002752848,-0.005647168,-0.002311806,1
-0.006047768,0.001006054,0.007959918,0.002585685,0.001328959,-0.007360936,0.008642805,1
-0.005561008,0.001144888,0.006335666,0.000934581,0.006626413,0.010338371,-0.000364562,2
-0.006460654,0.001292346,-0.004225634,0.007388801,0.002462077,-0.005733579,0.000303707,1
-0.006892000,0.001113730,0.004814893,0.003399155,0.000273929,-0.006622659,0.008730061,1
-0.006048334,0.001003866,0.007959839,0.002585340,0.001328228,-0.007360279,0.008641629,1
-0.005821871,0.001077660,0.006754807,0.003648432,0.002749406,-0.005645996,-0.002312584,1
-0.006460453,0.001292422,-0.004225626,0.007388975,0.002462493,-0.005733793,0.000304050,1
-0.006640944,0.001179773,0.003478865,0.004415130,0.001440614,-0.005397075,-0.002129437,1
-0.006460844,0.001292152,-0.004225381,0.007388744,0.002461104,-0.005732520,0.000302143,1
-0.006182602,0.001355432,-0.004685252,0.004781035,0.006520855,0.010471742,0.002637525,2
-0.005736777,0.000807646,0.006295706,0.000658424,0.006201300,0.010133074,-0.000369755,2
-0.004681043,0.001220840,-0.007759080,-0.003456643,-0.007089568,0.002512357,-0.000585649,1
-0.005081480,0.000866486,0.008072373,0.004073120,-0.007658537,-0.003335341,0.008484233,1
-0.005081898,0.000865910,0.008072255,0.004072799,-0.007659023,-0.003335036,0.008483776,1
-0.006460661,0.001290591,-0.004225673,0.007388923,0.002462452,-0.005733680,0.000303022,1
-0.004778343,0.001250953,-0.007919558,-0.003613321,-0.012285063,0.003058630,-0.000785063,1
-0.006460726,0.001290998,-0.004225621,0.007388884,0.002462210,-0.005733776,0.000302168,1
-0.006048198,0.001005229,0.007959843,0.002585344,0.001328280,-0.007360588,0.008642242,1
-0.006682436,0.001190450,0.003651265,0.004217901,0.001382126,-0.005527860,-0.002844649,1
-0.005134286,0.001203023,-0.006578438,-0.000147721,0.003733078,-0.000178937,0.000694026,0
-0.004681078,0.001221435,-0.007759203,-0.003456675,-0.007089467,0.002512107,-0.000584732,1
-0.006460457,0.001292177,-0.004225356,0.007389321,0.002462404,-0.005734788,0.000298802,1
-0.006473718,0.001448830,-0.006453305,-0.000771810,0.002418655,0.000461879,0.000224180,0
-0.005591531,0.001181817,-0.004273524,0.008719901,-0.011720354,-0.001162817,-0.000057947,1
-0.005947861,0.001105228,0.007445835,0.003428785,0.002400220,-0.005254301,-0.010670062,1
-0.005597479,0.001153927,-0.004273705,0.008717443,-0.011726277,-0.001158382,-0.000093635,1
-0.006048286,0.001005670,0.007960425,0.002585811,0.001327507,-0.007363242,0.008629026,1
-0.005820385,0.001075684,0.006755482,0.003650346,0.002752542,-0.005647721,-0.002318476,1
-0.005949881,0.001099306,0.007445643,0.003427546,0.002396765,-0.005251345,-0.010672734,1
-0.006461052,0.001291954,-0.004225654,0.007388548,0.002461412,-0.005733728,0.000301646,1
-0.006461030,0.001291384,-0.004225479,0.007388625,0.002461118,-0.005732940,0.000301203,1
-0.005671673,0.001158802,0.006986346,0.000820552,0.006456894,0.010949443,-0.008357384,2
-0.005082099,0.000866783,0.008072220,0.004072523,-0.007659709,-0.003334912,0.008484443,1
-0.005493818,0.001151872,-0.004113182,0.008876731,-0.006523839,-0.001708800,0.000144718,1
-0.005799235,0.001066442,0.006624685,0.003600282,0.002489368,-0.006137606,-0.002247076,1
-0.006182545,0.001355079,-0.004685132,0.004781087,0.006520810,0.010471941,0.002637052,2
-0.005838495,0.001081142,0.006796548,0.003404741,0.002436642,-0.006268458,-0.002942699,1
-0.004681173,0.001221051,-0.007759099,-0.003456760,-0.007089790,0.002512276,-0.000585999,1
-0.005216800,0.001214353,-0.004572633,0.006268233,-0.002467777,0.014498483,0.002476571,2
-0.005947915,0.001105637,0.007445832,0.003428709,0.002400049,-0.005254251,-0.010669953,1
-0.006466751,0.001276197,-0.004228143,0.007384334,0.002455458,-0.005729162,0.000308204,1
-0.006182528,0.001355419,-0.004685242,0.004781093,0.006520978,0.010471642,0.002637528,2
-0.006460889,0.001290732,-0.004225575,0.007388766,0.002461713,-0.005733147,0.000302161,1
-0.005494456,0.001151568,-0.004113286,0.008876221,-0.006525105,-0.001708128,0.000144996,1
-0.005137920,0.001205714,-0.006576075,-0.000158005,0.003710674,-0.000154191,0.000671066,0
-0.006460502,0.001291933,-0.004225321,0.007389232,0.002462338,-0.005735665,0.000294065,1
-0.005392567,0.000875360,-0.004614117,0.006130520,-0.002759189,0.014693279,0.002717386,2
-0.006461354,0.001292090,-0.004225792,0.007388203,0.002460755,-0.005732963,0.000303928,1
-0.004969920,0.000969787,0.006748438,0.004735285,-0.011746639,-0.001696650,-0.003303063,1
-0.004921880,0.001112785,0.004240581,-0.003234581,-0.011720753,0.004553519,-0.002473564,0
